"id","assessment_id","question_id","answer","comment","score_obtained","category_id"
114,15,242,"Oui","",3,82
115,15,243,"Oui","",3,82
116,15,244,"Oui","",3,82
117,15,245,"Oui","",3,82
118,15,246,"Oui","",3,82
119,15,247,"Non","",1,83
120,15,248,"Non","",1,83
121,15,249,"Non","",1,84
122,15,250,"Non","",1,84
123,15,251,"Non","",1,85
124,15,252,"Non","",1,85
125,15,253,"Non","",1,85
126,15,254,"Non","",1,85
127,15,255,"Non","",1,85
128,15,256,"Non","",1,86
129,15,257,"Non","",1,86
130,15,258,"Non","",1,86
131,15,259,"Non","",1,86
132,15,260,"Non","",1,86
133,15,261,"Non","",1,86
134,15,262,"Non","",1,86
135,15,263,"Non","",1,86
136,15,264,"Non","",1,87
137,15,265,"Non","",1,87
138,15,266,"Non","",1,87
26,12,73,"Oui","",3,34
27,12,74,"Oui","",3,34
28,12,75,"Non","",1,34
29,12,76,"Oui","",3,34
30,12,77,"Non","",1,34
31,12,78,"Oui","",3,35
32,12,79,"Oui","",3,35
33,12,80,"N/A","",NULL,36
34,12,81,"N/A","",NULL,36
35,12,82,"N/A","",NULL,37
36,12,83,"Partiellement","",2,37
37,12,84,"Non","",1,37
38,12,85,"Non","",1,37
39,12,86,"Partiellement","",2,37
40,12,87,"Partiellement","",2,38
41,12,88,"Non","",1,38
42,12,89,"Partiellement","",2,38
43,12,90,"Non","",1,38
44,12,91,"Oui","",3,38
45,12,92,"Oui","",3,38
46,12,93,"Oui","",3,38
47,12,94,"Oui","",3,38
48,12,95,"Oui","",3,39
49,12,96,"Oui","",3,40
50,12,97,"Non","",1,40
51,12,98,"Oui","",3,40
52,13,37,"Oui","",3,25
53,13,38,"Oui","",3,25
54,13,39,"Oui","",3,25
55,13,40,"Oui","",3,25
56,13,41,"Non","",1,25
57,13,42,"Non","",1,26
58,13,43,"Non","",1,26
59,13,44,"Oui","",3,27
60,13,45,"Oui","",3,27
61,13,46,"Non","",1,28
62,13,47,"Oui","",3,28
63,13,48,"Non","",1,28
64,13,49,"Oui","",3,28
65,13,50,"Oui","",3,28
66,13,51,"Oui","",3,29
67,13,52,"Oui","",3,29
68,13,53,"Oui","",3,29
69,13,54,"Non","",1,29
70,13,56,"Oui","",3,29
71,13,55,"Non","",1,29
72,13,57,"Oui","",3,29
73,13,58,"Oui","",3,29
74,13,59,"Oui","",3,30
75,13,60,"Non","",1,30
76,13,61,"Oui","",3,30
77,13,62,"Oui","",3,30
78,13,63,"Non","",1,30
79,13,64,"Oui","",3,30
80,13,65,"Oui","",3,30
81,13,66,"Oui","",3,31
82,13,67,"Oui","",3,32
83,13,68,"Oui","",3,32
84,13,69,"Oui","",3,32
85,13,70,"Oui","",3,33
86,13,71,"Oui","",3,33
87,13,72,"Oui","",3,33
88,14,278,"Oui","",3,91
89,14,279,"Oui","",3,91
90,14,280,"Non","",1,91
91,14,281,"Oui","",3,91
92,14,282,"Non","",1,91
93,14,284,"Oui","",3,92
94,14,283,"Oui","",3,92
95,14,285,"Oui","",3,93
96,14,286,"Oui","",3,93
97,14,287,"Oui","",3,94
98,14,288,"Oui","",3,94
99,14,289,"Oui","",3,94
100,14,290,"Oui","",3,94
101,14,291,"Oui","",3,94
102,14,292,"Non","",1,95
103,14,293,"Oui","",3,95
104,14,294,"Oui","",3,95
105,14,295,"Oui","",3,95
106,14,296,"Oui","",3,95
107,14,297,"Oui","",3,95
108,14,298,"Oui","",3,95
109,14,299,"Oui","",3,95
110,14,300,"Oui","",3,96
111,14,301,"Oui","",3,97
112,14,302,"Non","",1,97
113,14,303,"Oui","",3,97
139,15,267,"Non","",1,87
140,15,268,"Non","",1,87
141,15,269,"Non","",1,87
142,15,270,"Non","",1,87
143,15,271,"Non","",1,88
144,15,272,"Non","",1,89
145,15,273,"Non","",1,89
146,15,274,"Non","",1,89
147,15,275,"Non","",1,90
148,15,276,"Non","",1,90
149,15,277,"Non","",1,90
150,16,73,"Oui","",3,34
151,16,74,"Oui","",3,34
152,16,75,"Oui","",3,34
153,16,76,"Oui","",3,34
154,16,77,"Oui","",3,34
155,16,78,"Oui","",3,35
156,16,79,"Oui","",3,35
157,16,80,"Oui","",3,36
158,16,81,"Oui","",3,36
159,16,82,"Oui","",3,37
160,16,83,"Oui","",3,37
161,16,84,"Oui","",3,37
162,16,85,"Oui","",3,37
163,16,86,"Oui","",3,37
164,16,87,"Oui","",3,38
165,16,88,"Oui","",3,38
166,16,89,"Oui","",3,38
167,16,90,"Oui","",3,38
168,16,91,"Oui","",3,38
169,16,92,"Oui","",3,38
170,16,93,"Oui","",3,38
171,16,94,"Oui","",3,38
172,16,95,"Oui","",3,39
173,16,96,"Oui","",3,40
174,16,97,"Oui","",3,40
175,16,98,"Oui","",3,40
176,17,358,"Oui","",3,112
177,17,359,"Oui","",3,112
178,17,360,"Oui","",3,112
179,17,361,"Oui","",3,113
180,17,362,"Oui","",3,113
181,17,364,"Oui","",3,114
182,17,363,"Oui","",3,113
183,17,365,"Oui","",3,114
184,17,367,"Oui","",3,115
185,17,366,"Oui","",3,114
186,17,368,"Oui","",3,115
187,17,370,"Oui","",3,115
188,17,369,"Oui","",3,115
189,17,371,"Oui","",3,116
190,17,373,"Oui","",3,116
191,17,372,"Oui","",3,116
192,17,374,"Oui","",3,117
193,17,375,"Oui","",3,117
194,17,376,"Oui","",3,117
195,17,377,"Oui","",3,117
196,18,358,"Oui","",3,112
197,18,359,"Oui","",3,112
198,18,360,"Oui","",3,112
199,18,361,"Oui","",3,113
200,18,362,"Oui","",3,113
201,18,363,"Oui","",3,113
202,18,364,"Oui","",3,114
203,18,365,"Oui","",3,114
204,18,366,"Oui","",3,114
205,18,367,"Oui","",3,115
206,18,368,"Oui","",3,115
207,18,369,"Oui","",3,115
208,18,370,"Oui","",3,115
209,18,371,"Oui","",3,116
210,18,373,"Oui","",3,116
211,18,372,"Oui","",3,116
212,18,374,"Oui","",3,117
213,18,375,"Oui","",3,117
214,18,376,"Oui","",3,117
215,18,377,"Oui","",3,117
216,19,358,"Oui","tbarklah elih",3,112
217,19,359,"Oui","",3,112
218,19,361,"Non","",1,113
219,20,154,"Oui","",3,56
220,20,155,"Oui","",3,56
221,20,156,"Oui","",3,56
222,20,157,"Oui","",3,56
223,20,158,"Oui","",3,57
224,20,159,"Oui","",3,57
225,20,160,"Oui","",3,57
226,20,161,"Oui","",3,58
227,20,162,"Oui","",3,58
228,20,164,"Oui","",3,58
229,20,163,"Oui","",3,58
230,20,165,"Oui","",3,59
231,20,166,"Oui","",3,59
232,20,167,"Oui","",3,60
233,20,169,"Oui","",3,60
234,20,170,"Oui","",3,60
235,20,171,"Oui","",3,61
236,20,172,"Non","",1,61
237,21,154,"Oui","",3,56
238,21,155,"Oui","",3,56
239,21,156,"Oui","",3,56
240,21,157,"Oui","",3,56
241,21,158,"Oui","",3,57
242,21,159,"Oui","",3,57
243,21,160,"Oui","",3,57
244,21,161,"Oui","",3,58
245,21,162,"Oui","",3,58
246,21,163,"Oui","",3,58
247,21,164,"Oui","",3,58
248,21,165,"Oui","",3,59
249,21,166,"Oui","",3,59
250,21,167,"Oui","",3,60
251,21,168,"Oui","",3,60
252,21,169,"Oui","",3,60
253,21,170,"Oui","",3,60
254,21,171,"Oui","",3,61
255,21,172,"Oui","",3,61
256,21,173,"Oui","",3,61
257,21,174,"Oui","",3,62
258,21,176,"Oui","",3,62
259,21,175,"Oui","",3,62
